sample_name	Axis1_0.790	Axis2_0.193	Axis3_0.017
14957.MOUSE67.CAGE112.FSPFWT.S5	-0.01212152	-0.044176413	-0.07298662
14957.CAGE147.FSPFHET.L1.1	-0.054707412	-0.125361638	0.13015835559093653
14957.CAGE97.FSPFHET.L3.2	-0.063782055	0.057528476	-0.057723273
14957.CAGE189.MSPFHET.L4.1	0.041136013	-0.073013235	-0.068572019
14957.MOUSE74.CAGE114.FSPFWT.S5	0.044581260379162435	-0.054442469	0.043940727
14957.CAGE147.FSPFHET.L5.2	-0.14296167	0.022107123	0.014491859662020322
14957.CAGE113.FSPFHET.L3.2	0.039621902047331146	0.019540363747982067	-0.037329821
14957.CAGE78.MSPFHET.L3.1	0.045003599	0.014593886905855395	-0.033740761
14957.CAGE189.MSPFHET.L3.1	0.026417890510834555	-0.017691465	-0.032803408
14957.MOUSE25.CAGE79.MSPFWT.S8	0.003895426	0.044544499	0.078472548
14957.MOUSE16.CAGE77.MSPFHET.S8	0.075297941	0.12296535004575003	0.20505054367880085
14957.CAGE114.FSPFWT.L3.2	0.009452694	0.020146666188135424	-0.053676084
14957.MOUSE28.CAGE80.MSFPWT.S8	0.044829104	0.038165446	-0.006114112
14957.CAGE98.FSPFWT.L3.2	-0.118808973	0.069106146	0.019456127090883974
14957.MOUSE46.CAGE98.FSPFWT.S5	0.012762974163772211	0.007310627	-0.054829289
14957.MOUSE20.CAGE78.MSPFHET.S8	-0.046320531	0.11443531288668705	0.030750795
14957.MOUSE19.CAGE78.MSPFHET.S8	0.085292262	0.089541359	0.097952887
14957.CAGE77.MSPFHET.L6.1	-0.004669381	-0.006513387	0.058044968516729904
14957.CAGE97.FSPFHET.L2.2	0.076809616	0.012456605409817967	-0.032599903
14957.MOUSE32.CAGE96.FSPFHET.S5	0.030596823	-0.014321638	-0.041268721
14957.CAGE114.FSPFWT.L2.1	0.041330347	-0.033456521	-0.029122075
14957.CAGE113.FSPFHET.L2.2	-0.086606948	0.082978653	-0.0372484
14957.CAGE98.FSPFWT.L2.1	-0.021243111	0.043140194036657364	-0.047511102
14957.CAGE80.MSPFWT.L5.2	-0.000464361	-0.03728014	-0.130060874
14957.MOUSE69.CAGE112.FSPFWT.S5	-0.058232245	-0.00813622	-0.0228521
14957.MOUSE90.CAGE144.MSPFWT.S5	-0.000727105	0.034030767859096624	0.013401212268747974
14957.MOUSE68.CAGE112.FSPFWT.S5	-0.031912557	-0.033729331	-0.078722358
14957.CAGE175.MSPFHET.L4.1	-0.114797044	0.087192443	0.097720652
14957.CAGE96.FSPFHET.L1.1	-0.107812429	0.06488695	-0.00278058
14957.CAGE162.FSPFWT.L7.2	-0.03731957	-0.012023553	-0.071497314
14957.MOUSE21.CAGE78.MSPFHET.S8	0.035023711	0.076278307	0.025665474
14957.CAGE78.MSPFHET.L6.1	-0.082500285	0.026169103427157198	-0.102579929
14957.MOUSE31.CAGE96.FSPFHET.S5	-0.006491408	-0.001705319	-0.00243344
14957.MOUSE33.CAGE96.FSPFHET.S5	0.041111169	-0.031945319	-0.020903881
14957.MOUSE37.CAGE97.FSPFHET.S5	-0.059307568	0.012125715858452743	-0.021150782
14957.CAGE77.MSPFHET.L5.2	-0.070385551	0.1209765591310211	0.12515609957815474
14957.MOUSE38.CAGE97.FSPFHET.S5	0.0338738	-0.02714397	-0.044933898
14957.CAGE98.FSPFWT.L1.1	-0.131498681	0.13334627738076066	0.059730026
14957.MOUSE82.CAGE142.MSPFWT.S5	-0.047927385	-0.105912477	0.11721047388351245
14957.CAGE96.FSPFHET.L2.2	-0.104731406	0.054849790807634635	0.013834705
14957.CAGE112.FSPFWT.L2.1	-0.103932809	0.008165383	0.003377873
14957.CAGE79.MSPFWT.L5.2	-0.032495934	0.027731224	-0.131645851
14957.MOUSE30.CAGE80.MSFPWT.S8	0.068643779	0.091632301	0.072898178
14957.CAGE147.FSPFHET.L5.1	-0.05158739	-0.172900143	-0.011790853
14957.CAGE98.FSPFWT.L1.2	-0.033088368	0.050540913	-0.048998937
14957.CAGE96.FSPFHET.L2.1	-0.016974037	0.039717162	-0.030520449
14957.CAGE79.MSPFWT.L5.1	-0.036928389	0.025052451961851817	-0.082216606
14957.CAGE78.MSPFHET.L5.2	0.003807408	0.008450159	-0.192210153
14957.MOUSE83.CAGE142.MSPFWT.S5	0.002855153	-0.045213985	0.084025093
14957.MOUSE17.CAGE77.MSPFHET.S8	0.076833445	0.068143508	0.074137578
14957.MOUSE47.CAGE98.FSPFWT.S5	0.006516746	0.001093619	-0.037130291
14957.MOUSE29.CAGE80.MSFPWT.S8	0.035170271	0.054028535160179324	0.030285039448497152
14957.CAGE97.FSPFHET.L2.1	0.023275153	-0.004260186	-0.059732865
14957.CAGE80.MSPFWT.L5.1	0.080220878	-0.017961559	-0.09759315
14957.CAGE113.FSPFHET.L2.1	0.003124128	0.042571769529855856	-0.035281403
14957.MOUSE87.CAGE144.MSPFWT.S5	-0.143970469	0.092360441	0.037960476974251686
14957.CAGE112.FSPFWT.L2.2	-0.009340807	0.020686207058842384	-0.093453116
14957.CAGE162.FSPFWT.L7.1	-0.04573911	-0.011235576	0.01193187
14957.MOUSE18.CAGE77.MSPFHET.S8	0.090049767	0.055732368	0.1380354958314532
14957.MOUSE88.CAGE144.MSPFWT.S5	0.000882926	0.015839176032034642	-0.046143149
14957.MOUSE89.CAGE144.MSPFWT.S5	-0.004813874	0.049551602338920316	-0.032367142
14957.CAGE113.FSPFHET.L3.1	0.038221409	-0.015913692	-0.02775582
14957.CAGE189.MSPFHET.L3.2	-0.025647525	0.036222646258543025	-0.059602921
14957.CAGE114.FSPFWT.L3.1	-0.032397499	0.000270524	-0.068553809
14957.CAGE78.MSPFHET.L5.1	-0.026538583	-0.017155293	-0.156760796
14957.CAGE77.MSPFHET.L5.1	-0.137098327	0.11090982730651537	0.053394498
14957.MOUSE15.CAGE77.MSPFHET.S8	0.066716333	0.1271303138176038	0.13124332189305862
14957.CAGE97.FSPFHET.L1.1	-0.107816911	0.11710928930350456	0.027633872200311802
14957.MOUSE26.CAGE79.MSPFWT.S8	0.13710858506405701	7.734139188638149e-05	0.097914094
14957.CAGE97.FSPFHET.L3.1	-0.081798801	0.08332321	-0.00455212
14957.MOUSE75.CAGE114.FSPFWT.S5	0.1314322715853442	-0.008134165	-0.000266633
14957.MOUSE27.CAGE80.MSFPWT.S8	0.11878260591969358	0.025638352	0.10075266766233035
14957.CAGE97.FSPFHET.L1.2	0.00642264	-0.017368747	-0.104300803
14957.CAGE98.FSPFWT.L3.1	-0.141795781	0.11378842718148016	0.077737757
14957.MOUSE45.CAGE98.FSPFWT.S5	-0.041272683	0.002797431	-0.048535438
14957.CAGE136.MSPFWT.L5.2	-0.034762297	-0.110173803	-0.005979121
14957.CAGE78.MSPFHET.L4.2	0.1158679224531015	0.027524158777084067	0.04646327
14957.CAGE154.FSPFHET.L5.1	0.057345229588259126	-0.059215689	-0.087810121
14957.CAGE150.FSPFHET.L7.2	0.00537276	0.003549917	-0.065672416
14957.CAGE98.FSPFWT.L2.2	-0.015151896	0.015699275670728506	-0.049597556
14957.MOUSE34.CAGE96.FSPFHET.S5	-0.080328429	0.033906769	-0.005428872
14957.CAGE114.FSPFWT.L2.2	0.005438658	-0.016648633	-0.038982819
14957.CAGE175.MSPFHET.L4.2	-0.100607088	0.04931029	-0.02788639
14957.MOUSE70.CAGE113.FSPFHET.S5	-0.076454209	0.064388696	0.062909191
14957.MOUSE94.CAGE148.FSPFHET.S8	-0.113300608	-0.123670759	0.093747117
14957.MOUSE22.CAGE79.MSPFHET.S8	0.003061435	0.16125274606349502	0.09107154
14957.CAGE112.FSPFWT.L3.1	0.051180415	-0.025146987	-0.04061869
14957.CAGE96.FSPFHET.L3.1	-0.082028398	0.072182766	-0.02144559
14957.MOUSE23.CAGE79.MSPFWT.S8	0.051590859	0.007760889	0.087358571
14957.CAGE185.MSPFWT.L3.1	-0.006715555	-0.020175864	-0.067644133
14957.MOUSE71.CAGE113.FSPFHET.S5	-0.03790249	0.049146739	-0.02125617
14957.CAGE96.FSPFHET.L3.2	-0.034410494	0.054295771	-0.022736187
14957.MOUSE35.CAGE97.FSPFHET.S5	0.056607971	-0.048682076	-0.006807747
14957.CAGE96.FSPFHET.L1.2	-0.114359053	0.10696380882615854	0.026414626
14957.MOUSE72.CAGE113.FSPFHET.S5	-0.068021935	0.050916684656440184	0.047496211
14957.MOUSE95.CAGE148.FSPFHET.S8	-0.122972279	-0.017984895	0.069651395
14957.MOUSE96.CAGE148.FSPFHET.S8	-0.086418975	-0.120721115	0.063093813
14957.MOUSE24.CAGE79.MSPFWT.S8	0.064433011	0.027699595	0.014419438968607083
14957.MOUSE36.CAGE97.FSPFHET.S5	-0.032733912	0.015005715572944061	0.084140448
14957.CAGE185.MSPFWT.L3.2	0.072608036	-0.030790007	-0.055557817
14957.CAGE112.FSPFWT.L3.2	0.028634053703662753	-0.005772719	-0.058039581
14957.MOUSE73.CAGE114.FSPFWT.S5	0.00837263	0.03273373	0.33005304117780543
14957.MOUSE91.CAGE144.MSPFWT.S5	0.015403281469395168	-0.000157862	-0.074037379
14957.MOUSE107.CAGE154.FSPFHET.S8	0.014053303528974992	0.004961585	-0.073116673
14957.CAGE184.MSPFHET.L2.1	-0.036134421	0.017365913647888982	-0.014881354
14957.CAGE148.FSPFHET.L7.1	-0.072281613	-0.120792774	0.070579316
14957.CAGE80.MSPFWT.L2.1	0.064261305	0.036673438344419655	-0.006812116
14957.CAGE80.MSPFWT.L2.2	0.1078261560487029	0.075572488	0.07174471
14957.CAGE147.FSPFHET.L2.1	-0.032686225	-0.133165919	0.10797886886324153
14957.CAGE142.MSPFWT.L3.1	-0.026688567	-0.083319404	0.026367887833865927
14957.CAGE136.MSPFWT.L5.1	-0.046877975	-0.095456966	-0.013191661
14957.CAGE150.FSPFHET.L5.2	0.015886723950193266	0.006475951	-0.074233918
14957.CAGE78.MSPFHET.L3.2	-0.000650446	0.026604741	-0.022669002
14957.CAGE80.MSPFWT.L4.1	0.15618439293079306	0.050728316	0.12680003647478544
14957.CAGE151.MSPFWT.L5.1	-0.08476714	0.059651073	-0.02553451
14957.CAGE151.MSPFWT.L7.1	0.042301091	0.018013386836543566	-0.076838141
14957.CAGE79.MSPFWT.L3.1	0.087256371	0.030526506768671434	-0.03517145
14957.CAGE147.FSPFHET.L7.1	-0.088723239	-0.085147559	-0.074596161
14957.CAGE80.MSPFWT.L4.2	0.13199817789379567	0.078461728	0.14008644161685374
14957.CAGE136.MSPFWT.L4.1	0.007433282	-0.141298016	0.10535618292773455
14957.CAGE148.FSPFHET.L7.2	-0.102579563	-0.074307032	0.034912121
14957.CAGE184.MSPFHET.L2.2	0.065004311	-0.027362313	-0.092214684
14957.CAGE142.MSPFWT.L2.2	-0.059880382	-0.170697403	0.078008924
14957.CAGE78.MSPFHET.L4.1	0.072205124	0.041484030218864425	0.021915522778131663
14957.CAGE189.MSPFHET.L2.2	0.030192296714410108	-0.014069051	-0.029792976
14957.CAGE145.FSPFWT.L2.2	0.073813807	-0.082040505	0.054075625529679455
14957.CAGE147.FSPFHET.L2.2	-0.094985654	-0.11250546	0.065527483
14957.CAGE148.FSPFHET.L5.1	0.012901087496771952	-0.189351039	0.077755109
14957.CAGE189.MSPFHET.L4.2	0.024281575	-0.03795316	-0.026661231
14957.CAGE173.MSPFWT.L4.2	-0.149027141	0.086843821	0.068923851
14957.CAGE145.FSPFWT.L7.2	0.00049266	-0.018948545	-0.021140774
14957.CAGE162.FSPFWT.L4.2	0.033773484	-0.063601261	-0.020539226
14957.CAGE162.FSPFWT.L4.1	0.020527624883022004	-0.037914695	0.021145305
14957.CAGE184.MSPFHET.L4.2	0.014326611558832162	-0.0599704	-0.037313844
14957.CAGE154.FSPFHET.L7.2	-0.093980353	0.040514343	-0.091644902
14957.CAGE185.MSPFWT.L2.2	0.094072018	-0.031501698	-0.126950769
14957.MOUSE113.CAGE162.FSPFWT.S8	0.08035667	-0.010416941	0.033064279919794874
14957.MOUSE108.CAGE173.MSPFWT.S8	0.060747815	-0.071357199	0.051138938421973326
14957.CAGE147.FSPFHET.L4.1	-0.044087995	-0.077942932	0.002337631
14957.CAGE144.MSPFWT.L2.2	0.1235958696540431	0.007540252	0.023616691351050115
14957.CAGE145.FSPFWT.L2.1	-0.132806708	0.012280283	0.068340824
14957.CAGE173.MSPFWT.L4.1	-0.155241172	0.035648846833551386	0.033591680998696576
14957.CAGE77.MSPFHET.L2.2	0.037711142	0.06912908	-0.068254592
14957.CAGE77.MSPFHET.L4.2	0.019207715354943762	0.085456142	-0.002626112
14957.CAGE147.FSPFHET.L7.2	-0.023183721	-0.171452269	-0.020560968
14957.CAGE150.FSPFHET.L5.1	0.036399884827495586	0.033916611	-0.069424884
14957.CAGE185.MSPFWT.L2.1	0.042932564	-0.034514626	-0.086375407
14957.CAGE79.MSPFWT.L4.1	0.045516369261734246	0.048926064647918946	-0.033427806
14957.CAGE79.MSPFWT.L4.2	0.048534941	0.045285042590517154	-0.031601272
14957.CAGE145.FSPFWT.L7.1	-0.026601614	-0.017959174	-0.036533182
14957.CAGE147.FSPFHET.L4.2	-0.025278707	-0.049479941	-0.031797627
14957.CAGE147.FSPFHET.L1.2	-0.099551888	-0.039948758	0.054598969838111196
14957.CAGE147.FSPFHET.L6.1	-0.002186091	-0.151217001	0.015246097557893246
14957.CAGE150.FSPFHET.L7.1	-0.06698955	0.051532936	-0.087440464
14957.CAGE147.FSPFHET.L6.2	-0.050743564	-0.143482839	0.032450871
14957.CAGE77.MSPFHET.L2.1	0.004280784	0.040071909068056605	-0.021962051
14957.CAGE77.MSPFHET.L3.2	0.048456126022436104	-0.003648872	-0.049312044
14957.CAGE78.MSPFHET.L2.2	0.045300015	0.052704075094560085	0.031885307
14957.MOUSE123.CAGE184.MSPFHETS5	0.050614183	0.034909266801166315	0.043730183
14957.CAGE144.MSPFWT.L3.1	0.033611402318664094	0.045080385	-0.106056929
14957.MOUSE122.CAGE184.MSPFHETS5	0.097809598	-0.008566445	0.042354674765075574
14957.MOUSE104.CAGE136.MSPFWT.S8	0.044408507	-0.03676959	0.005149841
14957.MOUSE139.CAGE145.FSPFWT.S8	0.087813631	-0.053935011	0.003406364
14957.MOUSE124.CAGE185.MSPFWT.S5	0.07656607	-0.03283279	-0.065377331
14957.CAGE154.FSPFHET.L5.2	0.10769334432587913	-0.059895982	0.022705736465902137
14957.CAGE162.FSPFWT.L6.1	0.003652831	0.011693515963054924	-0.075595614
14957.CAGE185.MSPFWT.L4.1	0.00024235	-0.173562832	0.083894316
14957.CAGE144.MSPFWT.L3.2	0.027717663116755015	0.005065987	-0.090773979
14957.CAGE80.MSPFWT.L3.2	0.11995826975942642	0.088392371	0.070060808
14957.CAGE144.MSPFWT.L2.1	0.1492024962093506	0.00781118	-0.000178286
14957.CAGE145.FSPFWT.L3.2	0.029424136424057428	-0.000966824	0.011928922509163054
14957.CAGE145.FSPFWT.L5.2	0.025249766043738877	-0.048660665	0.19124381360540438
14957.CAGE136.MSPFWT.L7.1	-0.063459582	-0.120999979	0.045974656
14957.CAGE79.MSPFWT.L2.2	0.0386005	0.083370521	0.071967044
14957.CAGE185.MSPFWT.L4.2	-0.023743963	-0.137196292	0.055265753574757034
14957.CAGE162.FSPFWT.L6.2	-0.049854683	0.064452372	-0.074684472
14957.CAGE136.MSPFWT.L4.2	-0.003556532	-0.188182855	0.061961432
14957.CAGE151.MSPFWT.L7.2	0.026200796	-0.017145681	-0.08161449
14957.CAGE184.MSPFHET.L4.1	-0.00373189	-0.023200016	-0.056216908
14957.CAGE77.MSPFHET.L3.1	-0.007473085	0.063404748	-0.056785765
14957.MOUSE103.CAGE136.MSPFWT.S8	0.022390028125365932	0.001805169	0.019831697190276228
14957.CAGE189.MSPFHET.L2.1	0.040741919	-0.038383392	-0.014436263
14957.CAGE80.MSPFWT.L3.1	0.11420125818348843	0.078361687	0.059709814
14957.MOUSE114.CAGE162.FSPFWT.S8	0.004777238	0.053061783	0.005391206
14957.MOUSE100.CAGE151.MSPFWT.S8	0.02956242	0.006395341	-0.001593806
14957.MOUSE115.CAGE175.MSPFHET.S5	0.057348041	-0.005704117	-0.003573163
14957.MOUSE135.CAGE145.FSPFWT.S8	-0.036425599	-0.001022122	-0.01398487
14957.MOUSE136.CAGE145.FSPFWT.S8	0.069027337	-0.030841245	-0.007987634
14957.MOUSE98.CAGE150.FSPFHET.S8	0.079179295	0.040490234	0.006286894
14957.MOUSE116.CAGE175.MSPFHET.S5	-0.097309985	0.070321505	-0.012700155
14957.MOUSE137.CAGE145.FSPFWT.S8	0.083090575	-0.064934992	0.010678229856619589
14957.MOUSE121.CAGE184.MSPFHETS5	0.049122835	-0.03352239	-0.035137896
14957.MOUSE99.CAGE151.MSPFWT.S8	0.074439045	0.009866947	0.005331435
14957.MOUSE138.CAGE145.FSPFWT.S8	0.083851534	-0.008899535	0.032650219
14957.CAGE151.MSPFWT.L5.2	0.023846696849979917	0.010623546536490818	-0.075337213
14957.CAGE142.MSPFWT.L3.2	-0.04040743	-0.180233877	0.086337917
14957.CAGE154.FSPFHET.L7.1	-0.104341114	0.079233186	-0.029315982
14957.CAGE142.MSPFWT.L2.1	-0.109072559	-0.130983278	0.050194033085119154
14957.CAGE78.MSPFHET.L2.1	0.021863002	0.061753025	-0.006362709
14957.CAGE79.MSPFWT.L3.2	0.13316126130823064	0.047244551343488365	0.088880336
14957.MOUSE131.CAGE189.MSPFHET.S5	0.067084056	-0.022857996	-0.047524848
14957.MOUSE109.CAGE173.MSPFWT.S8	-0.075554285	-0.006194558	-0.037564674
14957.MOUSE97.CAGE150.FSPFHET.S8	0.028181964122710228	0.077923274	-0.001789733
14957.MOUSE132.CAGE189.MSPFHET.S5	-0.016900922	0.025365629	-0.02542968
14957.CAGE148.FSPFHET.L5.2	-0.086709003	-0.09348774	0.076265366
14957.CAGE145.FSPFWT.L5.1	0.040142113	-0.014704331	-0.020380144
14957.CAGE136.MSPFWT.L7.2	-0.069068332	-0.056717362	0.033010324
14957.CAGE145.FSPFWT.L3.1	0.029082597147177654	0.055998268	-0.028895764
14957.CAGE79.MSPFWT.L2.1	-0.100064231	0.08663524	0.045405917553349315
14957.CAGE77.MSPFHET.L4.1	0.051911805	0.051362476	-0.038630892
14957.MOUSE105.CAGE136.MSPFWT.S8	0.082283284	0.005175584	0.020187761759297183
14957.MOUSE106.CAGE154.FSPFHET.S8	-0.000560289	0.007081745	-0.082615732
14957.MOUSE130.CAGE189.MSPFHET.S5	0.070902374	-0.042845243	-0.035760621
14957.MOUSE126.CAGE185.MSPFWT.S5	-0.077068684	-0.041019122	-0.051071817
14957.MOUSE125.CAGE185.MSPFWT.S5	0.016166191580361873	-0.097339591	-0.054086492