	Axis1_62.5	Axis2_34.4	Axis3_3.1
14748.CAGE41.FSPF3XTG.L10.1	-0.055864679	0.032925393	0.000208102
14748.CAGE21.FSPF3XTG.L9.2	-0.035436205	-0.030916442	-0.026498594
14748.CAGE41.FSPF3XTG.L2.2	-0.042683254	0.008633713	-0.015240513
14748.CAGE40.FSPF3XTG.L10.1	-0.003422141	-0.014551243	-0.078892826
14748.CAGE41.FSPF3XTG.L7.1	-0.047660308	0.010850166393593538	-0.016599115
14748.CAGE68.MSPF3XTG.L5.1	0.025233833483472145	-0.093438216	0.018659792228451128
14748.CAGE45.MSPFB6.L9.1	0.003917495	0.007789466	-0.06344894
14748.CAGE62.FSPF3XTG.L4.2	-0.055735184	-0.004745167	-0.01031986
14748.CAGE42.MSPF3XTG.L8.2	0.066594322	-0.040684535	0.091959678
14748.CAGE40.FSPF3XTG.L7.2	-0.053664074	-0.010850113	-0.030066612
14748.CAGE66.FSPFB6.L5.2	-0.070763641	0.012165213	0.003312654
14748.CAGE66.FSPFB6.L6.1	-0.071526266	0.045143308	0.008343147
14748.CAGE74.MSPFB6.L4.2	-0.087605711	0.018382187	0.047163798248930654
14748.CAGE41.FSPF3XTG.L9.1	-0.026039721	-0.018200821	-0.02534001
14748.CAGE20.FSPF3XTG.L10.2	-0.031069753	0.060783325270238484	-0.034303584
14748.CAGE66.FSPFB6.L4.2	-0.091253927	0.034981320157621586	0.074307195
14748.CAGE41.FSPF3XTG.L7.2	-0.047321734	0.015430499255841544	-0.044695911
14748.CAGE45.MSPFB6.L9.2	0.061968111	-0.011693159	0.031769241
14748.CAGE40.FSPF3XTG.L10.2	-0.027784473	-0.011566866	-0.05007597
14748.CAGE40.FSPF3XTG.L9.2	-0.037352829	0.023127058960151096	-0.039223203
14748.CAGE69.MSPF3XTG.L5.1	0.001840586	-0.006853472	-0.057585652
14748.CAGE46.MSPFB6.L9.1	-0.041428864	0.042883319451949196	-0.050371682
14748.CAGE3.FSPF3XTG.L13.1	-0.045756533	-0.032505821	0.009313471
14748.CAGE27.FSPFB6.L4.1	-0.019919361	0.058849305	-0.011305889
14748.CAGE41.FSPF3XTG.L10.2	-0.059169501	0.035696153	0.008131441
14748.CAGE21.FSPF3XTG.L4.2	-0.02373938	-0.075675899	0.041251082592090184
14748.CAGE27.FSPFB6.L3.1	0.008364356	0.054552310464074126	-0.053288773
14748.CAGE3.FSPF3XTG.L13.2	-0.013042314	-0.042657286	-0.040093066
14748.CAGE45.MSPFB6.L3.2	-0.065125861	0.017212596842578733	0.056749076
14748.CAGE7.FSPFB6.L13.1	-0.000214828	-0.053895899	-0.047508256
14748.CAGE22.FSPF3XTG.L4.2	-0.004974051	0.016254926	-0.042609423
14748.CAGE50.FSPF3XTG.L2.1	0.001425407	0.031205582448181054	-0.05956427
14748.CAGE1.FSPF3XTG.L15.2	0.000379419	0.067403657	-0.044146758
14748.CAGE50.FSPF3XTG.L2.2	0.009855693	0.015333918409990386	-0.057527981
14748.CAGE42.MSPF3XTG.L8.1	-0.016414806	0.007769122	-0.034323793
14748.CAGE40.FSPF3XTG.L9.1	-0.025519797	0.019295107	-0.058825816
14748.CAGE40.FSPF3XTG.L7.1	-0.031351866	0.002284937	-0.063139689
14748.CAGE6.FSPF3XTG.L14.2	0.004951904	-0.001500541	-0.123836494
14748.CAGE41.FSPF3XTG.L9.2	-0.049166332	-0.002546849	-0.022149892
14748.CAGE27.FSPFB6.L1.2	-0.070208985	0.075159182	0.065285928
14748.CAGE66.FSPFB6.L5.1	-0.068197648	0.006321316	0.011643010817089376
14748.CAGE12.FSPF3XTG.L8.2	-0.041197495	0.014407844870797203	-0.049609754
14748.CAGE40.FSPF3XTG.L1.2	0.013768303345662465	0.020789438	-0.086651035
14748.CAGE74.MSPFB6.L4.1	-0.088251191	-0.009054906	0.05761624
14748.CAGE66.FSPFB6.L6.2	-0.02520876	0.081768188	-0.044155155
14748.CAGE12.FSPF3XTG.L9.2	0.023222082	-0.047803806	-0.008548539
14748.CAGE6.FSPF3XTG.L13.2	0.07937089	0.11367759897752683	-0.021350497
14748.CAGE12.FSPF3XTG.L9.1	0.043563717	-0.019361548	0.019931511306640896
14748.CAGE40.FSPF3XTG.L2.1	0.017045798	-0.019874304	-0.028691506
14748.CAGE40.FSPF3XTG.L2.2	0.039115251	-0.056462732	0.019240538070835866
14748.CAGE62.FSPF3XTG.L4.1	0.016268017	0.046717548	-0.124720472
14748.CAGE16.FSPFB6.L12.1	-0.053617922	0.065557473	0.014357541732804008
14748.CAGE45.MSPFB6.L3.1	-0.020033141	0.028480883174902702	-0.042511508
14748.CAGE47.MSPFB6.L2.1	-0.034920904	0.025202593724579357	-0.010213284
14748.CAGE21.FSPF3XTG.L4.1	0.056078814	-0.05828724	0.097817274
14748.CAGE50.FSPF3XTG.L1.2	0.062535379	0.098609895	-0.02081486
14748.CAGE22.FSPF3XTG.L5.1	0.056741408089540986	0.046777901	-0.07879908
14748.CAGE12.FSPF3XTG.L10.1	-0.029144962	0.007218083	-0.019751438
14748.CAGE3.FSPF3XTG.L15.1	0.008897065	0.1036764221305327	-0.03450155
14748.CAGE3.FSPF3XTG.L15.2	0.032125347	0.13983577418834592	0.005814387
14748.CAGE40.FSPF3XTG.L3.1	0.021742615651178823	-0.088502069	-0.021115574
14748.CAGE20.FSPF3XTG.L6.1	-0.040147471	0.032121502	-0.000397929
14748.CAGE46.MSPFB6.L3.1	-0.016974204	0.072887214	-0.015499151
14748.CAGE1.FSPF3XTG.L15.1	0.044635663	0.1195873896958643	-0.045416206
14748.CAGE22.FSPF3XTG.L4.1	0.068034489	-0.02415876	0.061644455452676515
14748.CAGE6.FSPF3XTG.L14.1	-0.009779995	0.018964667374000953	-0.076662406
14748.CAGE7.FSPFB6.L13.2	-0.02536838	-0.02177471	-0.045120073
14748.CAGE27.FSPFB6.L4.2	-0.035716072	0.049644552300396876	-0.00344933
14748.CAGE47.MSPFB6.L3.2	-0.065197228	0.059669109	0.028469167989339385
14748.CAGE21.FSPF3XTG.L5.2	0.026158181020972088	-0.070500906	-0.013234872
14748.CAGE16.FSPFB6.L10.2	-0.01822564	-0.022326606	-0.066075008
14748.CAGE20.FSPF3XTG.L3.1	0.031638551	-0.072367259	0.036375728285788896
14748.CAGE42.MSPF3XTG.L2.1	0.046125228054088196	-0.033169474	-0.091106157
14748.CAGE54.FSPFB6.L2.1	-0.064089055	0.052515133	0.039102479
14748.CAGE27.FSPFB6.L6.2	0.062622326	0.17693983862896165	0.052016056
14748.CAGE27.FSPFB6.L6.1	-0.061026821	0.044639435134721676	0.008421179
14748.CAGE7.FSPFB6.L15.2	-0.020316025	-0.024321977	-0.058789978
14748.CAGE45.MSPFB6.L2.1	-0.048337516	0.031349286	-0.000502986
14748.CAGE12.FSPF3XTG.L10.2	0.046420172679302256	-0.075886136	0.063971695
14748.CAGE21.FSPF3XTG.L3.1	0.031722933	-0.049429326	-0.0352212
14748.CAGE40.FSPF3XTG.L3.2	0.070405341	-0.074230065	0.032701035
14748.CAGE50.FSPF3XTG.L3.2	0.094929587	0.07714178	-0.007618675
14748.CAGE50.FSPF3XTG.L3.1	0.082380574	0.093081465	-0.043890071
14748.CAGE46.MSPFB6.L3.2	-0.025392729	0.057592406	0.023260637
14748.CAGE16.FSPFB6.L10.1	0.009340617	0.002783112	-0.071624129
14748.CAGE41.FSPF3XTG.L2.1	0.019307328148298414	-0.03126563	-0.055082986
14748.CAGE21.FSPF3XTG.L5.1	0.082370372	0.015157183374619135	-0.009523832
14748.CAGE7.FSPFB6.L15.1	-0.001359543	-0.023934295	-0.037580738
14748.CAGE42.MSPF3XTG.L9.2	-0.027307856	-0.046030453	0.008124894
14748.CAGE20.FSPF3XTG.L9.2	-0.055189767	-0.001354802	0.020720165270423117
14748.CAGE42.MSPF3XTG.L10.1	-0.054724139	-0.01212851	0.042913188
14748.CAGE45.MSPFB6.L10.1	-0.068770135	0.027412856	0.00020035
14748.CAGE1.FSPF3XTG.L14.1	-0.01110104	-0.062183312	-0.023569062
14748.CAGE20.FSPF3XTG.L3.2	-0.022699494	-0.025142298	-0.024873693
14748.CAGE16.FSPFB6.L11.1	0.003198329	0.032790332	-0.057783437
14748.CAGE41.FSPF3XTG.L3.1	0.056412697	-0.062077085	0.070730042
14748.CAGE42.MSPF3XTG.L2.2	0.042010737	-0.023062752	-0.086557511
14748.CAGE1.FSPF3XTG.L14.2	0.046320139	-0.064236655	-0.007859049
14748.CAGE22.FSPF3XTG.L3.1	0.017701063	-0.062018593	0.024543665
14748.CAGE16.FSPFB6.L11.2	0.043877879	-0.04147617	-0.062323153
14748.CAGE46.MSPFB6.L2.1	-0.085423816	0.019758798947205697	0.1036183608563076
14748.CAGE41.FSPF3XTG.L3.2	0.060387506	-0.062325559	0.05943627
14748.CAGE47.MSPFB6.L10.1	-0.067298544	0.013228705558294132	0.009075686
14748.CAGE40.FSPF3XTG.L4.1	0.058132354631689274	0.059173026	-0.065864547
14748.CAGE40.FSPF3XTG.L4.2	0.11680528151302623	0.14631794107734244	0.10495038598587461
14748.CAGE20.FSPF3XTG.L4.1	0.039252398	-0.081443998	0.040023801
14748.CAGE12.FSPF3XTG.L12.2	-0.04590924	-0.016714923	-0.034646228
14748.CAGE45.MSPFB6.L2.2	-0.073542374	0.042808392	0.058497252
14748.CAGE54.FSPFB6.L3.1	0.011038838	0.075313809	-0.009017913
14748.CAGE22.FSPF3XTG.L10.2	-0.056956059	0.030703237	0.010130243487279224
14748.CAGE47.MSPFB6.L9.2	-0.088260189	0.056502586	0.061946981
14748.CAGE45.MSPFB6.L8.2	-0.033275537	0.006792632	-0.076023103
14748.CAGE70.MSPF3XTG.L5.2	-0.04930779	-0.016058045	-0.009163016
14748.CAGE69.MSPF3XTG.L4.2	-0.057508786	-0.026445657	-0.015284457
14748.CAGE46.MSPFB6.L8.1	-0.095710844	0.015333114317889729	0.083348801
14748.CAGE40.FSPF3XTG.L8.1	-0.095427898	0.037208704680867614	0.053734859
14748.CAGE70.MSPF3XTG.L4.1	-0.054022225	0.007155394	-0.015827925
14748.CAGE73.MSPF3XTG.L5.1	-0.088338695	0.03753117	0.025465237
14748.CAGE53.FSPFB6.L3.2	0.029013965108429636	0.11770863303725602	0.020914649936771286
14748.CAGE53.FSPFB6.L3.1	0.047433357	0.11436927733325064	0.007270323
14748.CAGE6.FSPF3XTG.L15.2	0.087095496	0.17325456063558214	0.046432166
14748.CAGE46.MSPFB6.L10.2	-0.093794509	0.021814243796969418	0.081953249
14748.CAGE6.FSPF3XTG.L15.1	0.060819956393311156	0.13721984252165115	0.044652843
14748.CAGE40.FSPF3XTG.L8.2	-0.098914815	0.029616338229623933	0.066244411
14748.CAGE22.FSPF3XTG.L9.2	-0.061431418	0.001205854	-0.016673914
14748.CAGE45.MSPFB6.L11.1	-0.086031425	-0.01746076	0.033325195
14748.CAGE46.MSPFB6.L8.2	-0.062695538	0.038897716	-0.007271596
14748.CAGE70.MSPF3XTG.L4.2	-0.046258527	-0.020169213	-0.041841684
14748.CAGE21.FSPF3XTG.L10.1	-0.066524764	0.016487022036616488	0.011752221704712393
14748.CAGE2.FSPF3XTG.L14.1	-0.01420569	0.006528107	-0.0395392
14748.CAGE12.FSPF3XTG.L12.1	0.10454415414976931	0.1459613804202233	0.037483128
14748.CAGE42.MSPF3XTG.L3.1	0.064031684	-0.040582857	-0.040756064
14748.CAGE42.MSPF3XTG.L10.2	-0.066246392	-0.006455258	0.072006058
14748.CAGE22.FSPF3XTG.L10.1	-0.048438022	0.042917117	0.007328873
14748.CAGE45.MSPFB6.L10.2	-0.065267892	0.029255060134965784	-0.013920723
14748.CAGE69.MSPF3XTG.L4.1	-0.01777056	-0.023982431	-0.069935101
14748.CAGE70.MSPF3XTG.L5.1	-0.044228018	-0.016387761	-0.035955114
14748.CAGE46.MSPFB6.L11.2	-0.094893004	0.010230589	0.09810604
14748.CAGE27.FSPFB6.L9.2	-0.074056352	0.061849888	0.033472037
14748.CAGE46.MSPFB6.L11.1	-0.079098946	0.010176025	0.032925889
14748.CAGE47.MSPFB6.L7.2	-0.075203445	0.027591277037758558	0.022760763565766798
14748.CAGE74.MSPFB6.L5.2	-0.076451561	0.022999865476176273	0.013699404797230601
14748.CAGE16.FSPFB6.L9.1	-0.012892336	-0.034574435	-0.015806051
14748.CAGE16.FSPFB6.L7.1	-0.014654931	-0.019615044	-0.033060026
14748.CAGE41.FSPF3XTG.L1.1	0.017919916265239796	-0.044026613	-0.021482149
14748.CAGE1.FSPF3XTG.L10.2	0.044372908	-0.089879458	0.053476464
14748.CAGE1.FSPF3XTG.L12.2	-0.003797209	-0.063864523	-0.016680936
14748.CAGE41.FSPF3XTG.L1.2	0.031620963	0.021189540967674697	-0.039610386
14748.CAGE1.FSPF3XTG.L7.1	-0.0353942	-0.032006979	-0.041626342
14748.CAGE27.FSPFB6.L9.1	-0.10458337	0.037736971645675695	0.11025052623193561
14748.CAGE47.MSPFB6.L7.1	-0.068038595	0.039376888710769435	0.015906105439696592
14748.CAGE45.MSPFB6.L11.2	-0.076740667	-0.018411305	0.026774734667892437
14748.CAGE73.MSPF3XTG.L5.2	-0.088113692	-0.011083388	0.10474813364357097
14748.CAGE41.FSPF3XTG.L8.1	0.000270074	0.021275845	-0.084871902
14748.CAGE73.MSPF3XTG.L4.1	-0.083355173	0.016724255481984477	0.0099487
14748.CAGE73.MSPF3XTG.L4.2	-0.077686531	0.010490685088676061	0.000485822
14748.CAGE74.MSPFB6.L5.1	-0.089672797	0.031605324139049824	0.048719888
14748.CAGE41.FSPF3XTG.L8.2	0.065034242	0.016953092640541748	-0.072357254
14748.CAGE1.FSPF3XTG.L11.2	0.038689160812566785	-0.095995718	0.035856167213604816
14748.CAGE16.FSPFB6.L8.2	-0.035580744	-0.030175682	-0.003971622
14748.CAGE20.FSPF3XTG.L2.2	0.098718761	0.027071631839742198	0.009786493
14748.CAGE42.MSPF3XTG.L1.2	0.053604207410386705	-0.029108745	-0.086798322
14748.CAGE16.FSPFB6.L9.2	-0.026277768	-0.006476158	-0.023010828
14748.CAGE16.FSPFB6.L7.2	-0.023836439	0.004535493	-0.023209316
14748.CAGE12.FSPF3XTG.L7.2	0.016650278506638996	-0.019303111	-0.034719159
14748.CAGE2.FSPF3XTG.L9.1	0.038033964	-0.08116026	0.076581309
14748.CAGE2.FSPF3XTG.L7.1	0.08135582	-0.014547728	0.053419094152556856
14748.CAGE53.FSPFB6.L1.2	-0.081373848	0.051374315	0.07967898
14748.CAGE1.FSPF3XTG.L11.1	0.047942073	-0.055933652	0.025002353
14748.CAGE16.FSPFB6.L8.1	-0.042351555	0.000725083	-0.014873466
14748.CAGE2.FSPF3XTG.L11.1	0.062736973	-0.059449069	0.089209506
14748.CAGE20.FSPF3XTG.L2.1	0.015693804225363622	-0.020277176	-0.036151238
14748.CAGE2.FSPF3XTG.L9.2	0.025702474807258086	-0.097567073	0.041685454589286644
14748.CAGE42.MSPF3XTG.L1.1	0.030511950214444514	0.069270189	-0.062571075
14748.CAGE2.FSPF3XTG.L10.2	-0.010686344	-0.051900607	-0.028224566
14748.CAGE3.FSPF3XTG.L9.2	0.054798416	-0.090978974	0.070803454
14748.CAGE7.FSPFB6.L7.1	-0.06294636	0.04453267	0.032697658
14748.CAGE3.FSPF3XTG.L11.2	0.029092073	-0.059218611	-0.043296231
14748.CAGE21.FSPF3XTG.L2.1	0.057899163	0.11346077741657372	-0.029749164
14748.CAGE3.FSPF3XTG.L11.1	-0.023868752	-0.043980492	-0.001742237
14748.CAGE20.FSPF3XTG.L1.1	0.023486586539903112	0.007888734	-0.011350941
14748.CAGE2.FSPF3XTG.L10.1	0.020579185345577712	-0.094375252	0.00330741
14748.CAGE45.MSPFB6.L1.2	0.031965799724155156	0.1502933903422753	0.071695911
14748.CAGE3.FSPF3XTG.L8.1	0.011875661104894894	-0.053511117	-0.03145922
14748.CAGE46.MSPFB6.L1.1	-0.013291347	0.08710271	0.031808280032293454
14748.CAGE3.FSPF3XTG.L10.2	-0.01619788	-0.017907222	-0.008135902
14748.CAGE6.FSPF3XTG.L10.2	-0.064086367	0.034697764	-0.00995018
14748.CAGE22.FSPF3XTG.L2.1	0.073956467	0.023351264	0.019151874108907688
14748.CAGE21.FSPF3XTG.L1.2	-0.008382104	-0.06512728	-0.028573846
14748.CAGE6.FSPF3XTG.L9.1	-0.09158203	-0.009687728	0.083811066
14748.CAGE7.FSPFB6.L9.1	-0.095590324	0.004459949	0.086660154
14748.CAGE2.FSPF3XTG.L12.2	-0.020039844	-0.082938661	0.015408432
14748.CAGE22.FSPF3XTG.L2.2	0.024118523	-0.089521756	0.027295231776318072
14748.CAGE6.FSPF3XTG.L11.1	-0.083540878	-0.011340475	0.042848433
14748.CAGE6.FSPF3XTG.L12.2	-0.035295197	-0.000130215	-0.037292706
14748.CAGE70.MSPF3XTG.L3.1	-0.027297571	0.003402	-0.040135735
14748.CAGE40.FSPF3XTG.L1.1	-0.02389293	-0.037488602	-0.006897176
14748.CAGE3.FSPF3XTG.L12.2	0.04605782	-0.054583158	-0.057637399
14748.CAGE50.FSPF3XTG.L1.1	0.10398193130537285	0.1150432439525392	-0.019811789
14748.CAGE6.FSPF3XTG.L13.1	0.023014803584456726	-0.045879918	-0.074138902
14748.CAGE22.FSPF3XTG.L1.1	-0.049499956	-0.059297694	0.056556039
14748.CAGE3.FSPF3XTG.L12.1	0.040969766776664966	-0.025586013	-0.085703107
14748.CAGE7.FSPFB6.L10.1	-0.081187179	-0.004957944	0.072080576
14748.CAGE12.FSPF3XTG.L4.1	0.070335397	-0.063777453	0.012630076899682145
14748.CAGE21.FSPF3XTG.L1.1	-0.042858836	-0.059448603	0.068219043
14748.CAGE2.FSPF3XTG.L12.1	-0.053931992	-0.030964329	0.005066229
14748.CAGE7.FSPFB6.L12.1	0.011525202064039662	0.015205861285376302	-0.075475907
14748.CAGE3.FSPF3XTG.L10.1	0.022619770173760458	-0.098284993	0.007507356
14748.CAGE6.FSPF3XTG.L12.1	-0.033854715	-0.005289473	-0.042560606
14748.CAGE1.FSPF3XTG.L13.1	-0.039960092	0.003236064	-0.022622174
14748.CAGE1.FSPF3XTG.L13.2	0.010336556132720734	-0.038765282	-0.044155948
14748.CAGE2.FSPF3XTG.L11.2	0.060721677	-0.034008935	-0.021833496
14748.CAGE3.FSPF3XTG.L7.1	0.058829853506667584	-0.094497397	0.081172743
14748.CAGE3.FSPF3XTG.L9.1	-0.013741884	-0.023272862	-0.040705294
14748.CAGE6.FSPF3XTG.L7.1	-0.023211224	0.020775158730852346	-0.045394183
14748.CAGE16.FSPFB6.L4.1	-0.051155464	-0.004103733	0.066432488
14748.CAGE12.FSPF3XTG.L6.1	-0.000295129	-0.05151054	-0.04906116
14748.CAGE12.FSPF3XTG.L6.2	0.030118723331431688	-0.07940787	0.035001792
14748.CAGE16.FSPFB6.L5.1	-0.054051513	0.000615075	-0.005571754
14748.CAGE7.FSPFB6.L11.2	0.019224895716303637	-0.015596103	-0.083688942
14748.CAGE6.FSPF3XTG.L11.2	-0.072256813	-0.013397113	0.025374163120495397
14748.CAGE12.FSPF3XTG.L5.1	-0.028871412	-0.057566497	-0.016147198
14748.CAGE7.FSPFB6.L10.2	-0.094507615	-0.002343589	0.13185820860739886
14748.CAGE22.FSPF3XTG.L1.2	-0.036214239	-0.040575586	0.005269802
14748.CAGE7.FSPFB6.L12.2	0.051582153	-0.023307439	-0.050680111
14748.CAGE40.FSPF3XTG.L6.1	0.15352067650527712	0.15970237478383664	0.12899904551615998
14748.CAGE66.FSPFB6.L3.1	0.1184015570902972	0.16823738877018424	0.12131168120670045
14748.CAGE45.MSPFB6.L5.2	-0.046133794	0.00449484	0.079067447
14748.CAGE62.FSPF3XTG.L2.1	0.024474245461385692	0.083161621	-0.053501447
14748.CAGE42.MSPF3XTG.L6.1	0.014298888470981631	0.0072925	-0.065892727
14748.CAGE68.MSPF3XTG.L3.1	0.020935937837687324	0.017318770467623486	-0.089151947
14748.MOUSE103.CAGE68.MSPF3XTG.S7	0.080639004	-0.031202176	-0.010300364
14748.CAGE47.MSPFB6.L11.2	-0.056595941	0.044956902	-0.01418458
14748.CAGE22.FSPF3XTG.L3.2	0.043386608	-0.100902853	0.074343977
14748.CAGE20.FSPF3XTG.L4.2	0.042746448	-0.095138378	0.042397246514659294
14748.CAGE42.MSPF3XTG.L3.2	0.055141365	-0.09020843	0.084578343
14748.CAGE54.FSPFB6.L3.2	0.020359218	0.082908848	-0.034938538
14748.MOUSE10.CAGE3.FSPF3XTG.S15	0.015751595239468178	-0.09788872	-0.001746366
14748.MOUSE17.CAGE1.FSPF3XTG.S15	0.028189097375902385	-0.095012249	-0.002304798
14748.MOUSE13.CAGE6.FSPFB6.S15	0.075686662	-0.013207652	-0.006737944
14748.MOUSE14.CAGE6.FSPFB6.S15	0.048938825	-0.022180618	-0.104220964
14748.MOUSE9.CAGE3.FSPF3XTG.S15	0.035194531752285124	-0.099873723	0.006234511
14748.MOUSE33.CAGE12.FSPF3XTG.S15	0.099006473	-0.03258381	0.029508511076778973
14748.MOUSE50.CAGE50.FSPF3XTG.S7	0.041196638359125994	-0.092889045	0.11269099987694574
14748.CAGE47.MSPFB6.L11.1	-0.042172787	0.03618508	-0.036390695
14748.MOUSE56.CAGE53.FSPF3XTG.S7	0.036222118	0.080447389	-0.052756431
14748.MOUSE53.CAGE50.FSPF3XTG.S7	0.036031243772568514	-0.065809433	-0.034919678
14748.CAGE42.MSPF3XTG.L6.2	0.051599091	0.087554564	-0.06943174
14748.CAGE45.MSPFB6.L7.1	0.002985112	0.07388889	-0.083955849
14748.MOUSE58.CAGE53.FSPF3XTG.S7	0.12708290049331722	0.10591522714723499	0.18669422048778905
14748.CAGE68.MSPF3XTG.L3.2	-0.005469216	-0.011911367	-0.053724711
14748.MOUSE51.CAGE50.FSPF3XTG.S7	-0.067242841	-0.0717558	0.076518017
14748.MOUSE59.CAGE54.FSPFB6.S7	-0.055563195	0.024856100778113382	0.012483163
14748.MOUSE60.CAGE54.FSPFB6.S7	0.013657113903072783	0.000840807	-0.049594983
14748.MOUSE89.CAGE22.FSPF3XTG.S12	0.04089025	-0.074639278	-0.017050665
14748.MOUSE87.CAGE21.FSPF3XTG.S12	0.07830308	-0.077182191	0.026609470481989764
14748.MOUSE11.CAGE6.FSPFB6.S15	-0.053545136	0.003089491	-0.034471269
14748.CAGE66.FSPFB6.L7.2	-0.066278852	0.043430661	0.00013471
14748.CAGE66.FSPFB6.L7.1	-0.07540767	0.035994637	0.004904729
14748.MOUSE18.CAGE1.FSPF3XTG.S15	-0.014881844	0.011300402754128285	-0.070565964
14748.MOUSE54.CAGE50.FSPF3XTG.S7	0.083992085	-0.04185083	0.11278158087313349
14748.MOUSE116.CAGE62.FSPF3XTG.S7	-0.073039358	-0.057838831	0.1653832346070723
14748.MOUSE105.CAGE69.MSPF3XTG.S7	0.079922467	-0.033414633	0.098059189
14748.MOUSE72.CAGE20.FSPF3XTG.S12	0.078873003	-0.066674417	0.00782154
14748.MOUSE126.CAGE40.MSPF3XTG.S12	0.063592898	-0.084665517	0.021560519
14748.CAGE50.FSPF3XTG.L5.1	0.06086294	0.11461496539106916	-0.016877972
14748.CAGE21.FSPF3XTG.L8.1	0.021829988	-0.058841188	-0.053110484
14748.CAGE2.FSPF3XTG.L14.2	0.054233163	-0.018775543	-0.042497824
14748.CAGE70.MSPF3XTG.L2.1	-0.050294496	-0.055848285	0.076438364
14748.CAGE50.FSPF3XTG.L5.2	-0.012375745	-0.027367964	-0.040402583
14748.MOUSE79.CAGE27.FSPFB6.S12	-0.045885242	0.034395974330903106	-0.030449895
14748.MOUSE77.CAGE27.FSPFB6.S12	-0.012320685	0.000575909	-0.06496002
14748.MOUSE61.CAGE54.FSPFB6.S7	0.054845384	0.00357399	-0.043907687
14748.MOUSE88.CAGE21.FSPF3XTG.S12	0.08958881	-0.045654742	0.10141123348487459
14748.MOUSE102.CAGE68.MSPF3XTG.S7	0.10024462371895473	-0.025854751	0.13083940421304333
14748.MOUSE113.CAGE74.MSPFB6.S7	0.046596772779852254	-0.040034058	-0.030644857
14748.MOUSE110.CAGE74.MSPFB6.S7	-0.022726043	-0.021157299	-0.035085313
14748.MOUSE80.CAGE27.FSPFB6.S12	0.042788432	0.007295365	-0.074953782
14748.MOUSE81.CAGE27.FSPFB6.S12	0.089537654	0.043458338	-0.070856557
14748.MOUSE115.CAGE62.FSPF3XTG.S7	0.00272391	-0.09839982	0.002844119
14748.MOUSE132.CAGE42.MSPF3XTG.S12	0.11266617407127852	0.010889617444026903	0.034831392
14748.MOUSE111.CAGE74.MSPFB6.S7	0.097134696	0.010064192714478983	-0.011722455
14748.MOUSE134.CAGE45.MSPFB6.S12	-0.065494902	0.000341028	0.013799405747973099
14748.MOUSE144.CAGE66.FSPFB6.S12	-0.058281063	0.004723332	0.040220547340276955
14748.MOUSE145.CAGE66.FSPFB6.S12	0.036449785	0.0316569	-0.089182561
14748.MOUSE84.CAGE20.FSPF3XTG.S12	0.045946475	-0.030135262	0.012222216565232142
14748.MOUSE138.CAGE46.MSPFB6.S12	0.099913259	0.15447043507593897	0.089697087
14748.MOUSE36.CAGE16.FSPFB6.S15	0.045825850852119106	-0.053892487	-0.005599357
14748.MOUSE16.CAGE7.FSPFB6.S15	-0.069355599	-0.059257872	0.08691596
14748.MOUSE12.CAGE6.FSPFB6.S15	-0.049126548	-0.005856937	-0.039721807
14748.MOUSE52.CAGE50.FSPF3XTG.S7	0.065409014	-0.084299213	0.12049979
14748.MOUSE108.CAGE73.MSPFB6.S7	0.028781993855415102	-0.008073046	-0.050202782
14748.MOUSE15.CAGE7.FSPFB6.S15	-0.009261748	-0.007011467	-0.089883121
14748.MOUSE128.CAGE41.MSPF3XTG.S12	0.11284732000420969	0.035617025	0.13354957185403896
14748.MOUSE127.CAGE40.MSPF3XTG.S12	0.078687512	0.020768928005297668	-0.04468725
14748.MOUSE107.CAGE70.MSPF3XTG.S7	0.087309417	-0.066599375	0.034759781
14748.MOUSE85.CAGE20.FSPF3XTG.S12	0.082464554	-0.054372037	0.076020085
14748.MOUSE139.CAGE46.MSPFB6.S12	-0.075924846	0.037363533	0.009919401
14748.MOUSE55.CAGE53.FSPF3XTG.S7	0.12993705709461664	0.11635212741523249	0.22371339958480266
14748.MOUSE141.CAGE47.MSPFB6.S12	0.025684165035478226	0.004934658	-0.084520931
14748.MOUSE140.CAGE47.MSPFB6.S12	0.059350014342918575	0.029452154085317962	-0.107111261
14748.MOUSE86.CAGE21.FSPF3XTG.S12	0.095854707	-0.016016392	-0.034848265
14748.MOUSE112.CAGE74.MSPFB6.S7	0.052322369	-0.041577819	-0.041640207
14748.MOUSE114.CAGE74.MSPFB6.S7	0.024085637114122867	-0.054760986	-0.04435214
14748.MOUSE135.CAGE45.MSPFB6.S12	-0.028746394	-0.037825733	-0.018257486
14748.MOUSE133.CAGE42.MSPF3XTG.S12	0.06133775	-0.063601008	-0.010099395
14748.MOUSE136.CAGE45.MSPFB6.S12	0.056061474	-0.002644746	-0.078726713
14748.MOUSE131.CAGE42.MSPF3XTG.S12	0.14131312818738967	0.057545549	0.13626433659730522