	Axis1_50.7	Axis2_44.7	Axis3_4.7
14748.CAGE41.FSPF3XTG.L10.1	-0.068239709	0.059616525491168804	0.044093305554858395
14748.CAGE21.FSPF3XTG.L9.2	-0.021795558	0.000301223	-0.042395114
14748.CAGE41.FSPF3XTG.L2.2	-0.016519707	0.033998494	0.000851634
14748.CAGE40.FSPF3XTG.L10.1	-0.029530839	-0.02206869	-0.042449701
14748.CAGE41.FSPF3XTG.L7.1	-0.0664104	0.040776811	-0.030091755
14748.CAGE68.MSPF3XTG.L5.1	0.03505451	-0.071204156	0.013965520921953918
14748.CAGE45.MSPFB6.L9.1	-0.074779076	0.029631711499985735	-0.05647219
14748.CAGE62.FSPF3XTG.L4.2	0.003840468	0.009636929	-0.002099988
14748.CAGE42.MSPF3XTG.L8.2	-0.065078923	-0.046263931	-0.000758628
14748.CAGE40.FSPF3XTG.L7.2	-0.025599815	0.039035104	-0.024094138
14748.CAGE66.FSPFB6.L5.2	0.065491424	0.047916469	-0.015169573
14748.CAGE66.FSPFB6.L6.1	0.025759205160769547	0.088368469	-0.007580015
14748.CAGE74.MSPFB6.L4.2	0.047416229953443606	0.067181195	-0.018095456
14748.CAGE41.FSPF3XTG.L9.1	-0.032747279	0.007675831	-0.033993883
14748.CAGE20.FSPF3XTG.L10.2	-0.071893453	0.076960517	0.043255174
14748.CAGE66.FSPFB6.L4.2	0.049116923	0.10182068362341035	0.048355522332843556
14748.CAGE41.FSPF3XTG.L7.2	-0.055628896	0.046643697	-0.041899342
14748.CAGE45.MSPFB6.L9.2	-0.091792697	-0.032937105	-0.026012218
14748.CAGE40.FSPF3XTG.L10.2	-0.036535426	0.002300628	-0.037055356
14748.CAGE40.FSPF3XTG.L9.2	-0.067239018	0.050286754252206606	-0.008684174
14748.CAGE69.MSPF3XTG.L5.1	-0.058583048	-0.00797211	-0.027628485
14748.CAGE46.MSPFB6.L9.1	0.009754729	0.059335195	-0.056758696
14748.CAGE3.FSPF3XTG.L13.1	0.041262759	-0.042156014	-0.037759921
14748.CAGE27.FSPFB6.L4.1	0.023892403	0.074206368	0.017658835479931422
14748.CAGE41.FSPF3XTG.L10.2	-0.062830062	0.062009404	0.032309513861110785
14748.CAGE21.FSPF3XTG.L4.2	0.069927817	-0.052434377	0.031964044
14748.CAGE27.FSPFB6.L3.1	0.000431904	0.053092803	0.020657471112956474
14748.CAGE3.FSPF3XTG.L13.2	-0.01986441	0.000744451	-0.00034124
14748.CAGE45.MSPFB6.L3.2	0.10531739799323117	0.063218008	0.088774048
14748.CAGE7.FSPFB6.L13.1	0.022634634	0.002315373	-0.051302955
14748.CAGE22.FSPF3XTG.L4.2	-0.046759314	0.009743431	-0.014823465
14748.CAGE50.FSPF3XTG.L2.1	-0.077928554	0.014826770461552886	-0.02329002
14748.CAGE1.FSPF3XTG.L15.2	-0.056454048	0.016769425	-0.039486964
14748.CAGE50.FSPF3XTG.L2.2	-0.032355385	-0.003630098	-0.029154674
14748.CAGE42.MSPF3XTG.L8.1	-0.074002673	0.019556178	-0.015959429
14748.CAGE40.FSPF3XTG.L9.1	-0.070075822	0.026970708704238105	-0.048422094
14748.CAGE40.FSPF3XTG.L7.1	-0.059803788	0.012535693946540881	-0.064119908
14748.CAGE6.FSPF3XTG.L14.2	0.009530672	-0.005491932	-0.115665345
14748.CAGE41.FSPF3XTG.L9.2	-0.037561947	0.030719615770751545	-0.017955042
14748.CAGE27.FSPFB6.L1.2	0.001518769	0.12034010687882861	0.06482407
14748.CAGE66.FSPFB6.L5.1	0.088218862	0.041423798	0.013602783856493522
14748.CAGE12.FSPF3XTG.L8.2	-0.019415949	0.007878984	-0.040716973
14748.CAGE40.FSPF3XTG.L1.2	-0.005910428	-0.039694939	-0.016780584
14748.CAGE74.MSPFB6.L4.1	0.076980578	0.035050010106251604	-0.023078861
14748.CAGE66.FSPFB6.L6.2	-0.014707004	0.08719323	-0.042870968
14748.CAGE12.FSPF3XTG.L9.2	-0.027178517	-0.042604606	-0.03860396
14748.CAGE6.FSPF3XTG.L13.2	-0.079469213	-0.023325128	-0.055799716
14748.CAGE12.FSPF3XTG.L9.1	-0.081797589	-0.018540392	-0.055700947
14748.CAGE40.FSPF3XTG.L2.1	-0.009898794	-0.038445266	-0.094853916
14748.CAGE40.FSPF3XTG.L2.2	-0.028533334	-0.050923935	-0.083673068
14748.CAGE62.FSPF3XTG.L4.1	-0.033419888	-0.012918897	-0.136508372
14748.CAGE16.FSPFB6.L12.1	-0.045848767	0.10657359821791489	0.061005051
14748.CAGE45.MSPFB6.L3.1	0.038436875023668195	0.054395273	0.008454205
14748.CAGE47.MSPFB6.L2.1	0.089974295	0.051064915548996136	0.079805245
14748.CAGE21.FSPF3XTG.L4.1	-0.003881572	-0.082356708	-0.03807909
14748.CAGE50.FSPF3XTG.L1.2	-0.06910356	-0.047948155	0.028550061
14748.CAGE22.FSPF3XTG.L5.1	-0.045629097	-0.034297042	-0.015031098
14748.CAGE12.FSPF3XTG.L10.1	-0.044083144	0.013486774953267458	-0.037520253
14748.CAGE3.FSPF3XTG.L15.1	-0.068977985	0.041200998	-0.030731788
14748.CAGE3.FSPF3XTG.L15.2	-0.106630554	0.034084043	-0.000574431
14748.CAGE40.FSPF3XTG.L3.1	0.081720903	-0.084102646	0.024791766979299867
14748.CAGE20.FSPF3XTG.L6.1	-0.065216823	0.058359341	0.013998943076346882
14748.CAGE46.MSPFB6.L3.1	-0.012005016	0.083666665	0.028663938508073132
14748.CAGE1.FSPF3XTG.L15.1	-0.124838671	0.016287033344380315	-0.012704468
14748.CAGE22.FSPF3XTG.L4.1	-0.053147306	-0.053417655	-0.030902421
14748.CAGE6.FSPF3XTG.L14.1	0.028667817	0.012404034	-0.033957144
14748.CAGE7.FSPFB6.L13.2	0.030465354	0.008273466	-0.043948321
14748.CAGE27.FSPFB6.L4.2	0.026210987	0.065205715	0.00453885
14748.CAGE47.MSPFB6.L3.2	0.035592938	0.11637240852142337	0.047702947
14748.CAGE21.FSPF3XTG.L5.2	0.021301085648051762	-0.061328865	-0.071312878
14748.CAGE16.FSPFB6.L10.2	0.042098584322256216	0.015127035165793978	-0.029039921
14748.CAGE20.FSPF3XTG.L3.1	-0.008743299	-0.059648458	-0.035964913
14748.CAGE42.MSPF3XTG.L2.1	-0.040640664	-0.027227518	-0.064922353
14748.CAGE54.FSPFB6.L2.1	0.017856182954431178	0.11116434132951726	0.080298338
14748.CAGE27.FSPFB6.L6.2	-0.118753534	0.074888866	0.11966825963263605
14748.CAGE27.FSPFB6.L6.1	0.000152876	0.080690265	0.015039811
14748.CAGE7.FSPFB6.L15.2	0.041274761860596476	-0.008455088	-0.073279489
14748.CAGE45.MSPFB6.L2.1	0.045725679616299815	0.080938861	0.029797864489343937
14748.CAGE12.FSPF3XTG.L10.2	-0.002725344	-0.079804393	-0.043869866
14748.CAGE21.FSPF3XTG.L3.1	-0.052112005	-0.024913577	-0.053913956
14748.CAGE40.FSPF3XTG.L3.2	0.040189474	-0.105409361	0.036119888
14748.CAGE50.FSPF3XTG.L3.2	-0.111665983	-0.037723763	0.008082386
14748.CAGE50.FSPF3XTG.L3.1	-0.113939616	-0.030869524	-0.035676071
14748.CAGE46.MSPFB6.L3.2	0.021160430844847766	0.048830506	0.058276913802339805
14748.CAGE16.FSPFB6.L10.1	-0.029951695	0.020880115	-0.030056555
14748.CAGE41.FSPF3XTG.L2.1	-0.046098324	-0.013407551	-0.052079902
14748.CAGE21.FSPF3XTG.L5.1	-0.036648486	-0.081314003	-0.059805314
14748.CAGE7.FSPFB6.L15.1	0.013573620494253594	-0.019746545	-0.102951136
14748.CAGE42.MSPF3XTG.L9.2	0.044826424213152034	-0.033772007	-0.024771422
14748.CAGE20.FSPF3XTG.L9.2	-0.019437697	0.048129148268305555	0.038780101
14748.CAGE42.MSPF3XTG.L10.1	0.017037072848384936	-0.016556242	-0.024139839
14748.CAGE45.MSPFB6.L10.1	0.003675599	0.079138503	-0.020093435
14748.CAGE1.FSPF3XTG.L14.1	0.022140861808331296	-0.030303578	-0.03402058
14748.CAGE20.FSPF3XTG.L3.2	-0.01135987	-0.012396381	-0.032625849
14748.CAGE16.FSPFB6.L11.1	-0.027370371	0.03652342	-0.052786314
14748.CAGE41.FSPF3XTG.L3.1	-0.027382043	-0.072536616	-0.051970938
14748.CAGE42.MSPF3XTG.L2.2	-0.05685664	-0.01454213	-0.053821949
14748.CAGE1.FSPF3XTG.L14.2	-0.048119381	-0.035837861	-0.038919645
14748.CAGE22.FSPF3XTG.L3.1	-0.016886585	-0.051492196	-0.064841432
14748.CAGE16.FSPFB6.L11.2	0.000832252	-0.010575318	-0.044631681
14748.CAGE46.MSPFB6.L2.1	0.10180808220719068	0.095331272	0.091308322
14748.CAGE41.FSPF3XTG.L3.2	0.004240244	-0.090126419	-0.0653191
14748.CAGE47.MSPFB6.L10.1	0.069724406	0.074034937	0.008918041
14748.CAGE40.FSPF3XTG.L4.1	-0.07333306	-0.03393904	-0.065687246
14748.CAGE40.FSPF3XTG.L4.2	-0.150533314	-0.03495687	0.085822627
14748.CAGE20.FSPF3XTG.L4.1	0.023735120082595613	-0.085962681	-0.033540564
14748.CAGE12.FSPF3XTG.L12.2	-0.01412208	0.008581515	-0.072159817
14748.CAGE45.MSPFB6.L2.2	0.050713398	0.10131936443296763	0.075096461
14748.CAGE54.FSPFB6.L3.1	-0.005503552	0.043965893225653904	0.063380946
14748.CAGE22.FSPF3XTG.L10.2	-0.054727575	0.078175191	0.035971228
14748.CAGE47.MSPFB6.L9.2	0.00630651	0.10975878522158006	0.033697657184942456
14748.CAGE45.MSPFB6.L8.2	-0.011180737	0.045366218	-0.063477224
14748.CAGE70.MSPF3XTG.L5.2	-0.015335424	0.017753965	-0.020411898
14748.CAGE69.MSPF3XTG.L4.2	0.017572366	0.016951903520497396	-0.021999598
14748.CAGE46.MSPFB6.L8.1	0.083546506	0.087927543	0.057457215790305965
14748.CAGE40.FSPF3XTG.L8.1	0.023382707919572077	0.097363833	0.00161128
14748.CAGE70.MSPF3XTG.L4.1	-0.032861311	0.035675968908765725	-0.031626993
14748.CAGE73.MSPF3XTG.L5.1	0.014323144075086513	0.086370631	-0.009094504
14748.CAGE53.FSPFB6.L3.2	-0.050330049	0.051251184447061324	0.067825483
14748.CAGE53.FSPFB6.L3.1	-0.048678613	0.025240284851860362	0.06135395
14748.CAGE6.FSPF3XTG.L15.2	-0.153270887	0.018778962531050013	0.068245958
14748.CAGE46.MSPFB6.L10.2	0.049625611957495465	0.10190698089518514	0.048933195
14748.CAGE6.FSPF3XTG.L15.1	-0.111796355	0.004432342	-0.019373751
14748.CAGE40.FSPF3XTG.L8.2	0.048236695	0.10460694769630921	0.020254997
14748.CAGE22.FSPF3XTG.L9.2	-0.011298756	0.031522553	-0.034015505
14748.CAGE45.MSPFB6.L11.1	0.078716343	0.036174207	-0.020497255
14748.CAGE46.MSPFB6.L8.2	0.023393564005928253	0.082353221	-0.019656248
14748.CAGE70.MSPF3XTG.L4.2	0.0372971	-0.022328018	-0.041936649
14748.CAGE21.FSPF3XTG.L10.1	-0.034501335	0.062863762	0.015604251419145345
14748.CAGE2.FSPF3XTG.L14.1	-0.084752215	0.022636826398631068	-0.034030854
14748.CAGE12.FSPF3XTG.L12.1	-0.135818615	-0.032585192	0.019312367
14748.CAGE42.MSPF3XTG.L3.1	0.017179434464109924	-0.078508219	-0.041341405
14748.CAGE42.MSPF3XTG.L10.2	0.011010891	0.003878727	-0.021195014
14748.CAGE22.FSPF3XTG.L10.1	-0.046803369	0.080309765	0.058557909
14748.CAGE45.MSPFB6.L10.2	-0.014147184	0.067575183	-0.051584183
14748.CAGE69.MSPF3XTG.L4.1	-0.01329096	-0.00291359	-0.048398906
14748.CAGE70.MSPF3XTG.L5.1	-0.008750748	0.002473864	-0.047463949
14748.CAGE46.MSPFB6.L11.2	0.063761693	0.090464616	0.048384895
14748.CAGE27.FSPFB6.L9.2	0.001348721	0.11384855575995824	0.004386463
14748.CAGE46.MSPFB6.L11.1	0.066094612	0.0618848	0.014497121650077709
14748.CAGE47.MSPFB6.L7.2	0.069663267	0.082770266	0.023848376951884243
14748.CAGE74.MSPFB6.L5.2	0.043077543	0.073916153	-0.025197596
14748.CAGE16.FSPFB6.L9.1	0.076388993	-0.010742359	0.000851668
14748.CAGE16.FSPFB6.L7.1	0.035189926	0.033481071	0.003309901
14748.CAGE41.FSPF3XTG.L1.1	-0.032186647	-0.015756635	-0.021299928
14748.CAGE1.FSPF3XTG.L10.2	0.024593860405480596	-0.078346568	0.013557608293997322
14748.CAGE1.FSPF3XTG.L12.2	0.041534836	-0.060183496	0.009503001
14748.CAGE41.FSPF3XTG.L1.2	-0.070752629	-0.006976786	-0.00783136
14748.CAGE1.FSPF3XTG.L7.1	0.013483219606789158	-0.023734888	-0.028444219
14748.CAGE27.FSPFB6.L9.1	0.040665961	0.12456648905504353	0.076063396
14748.CAGE47.MSPFB6.L7.1	0.039781361	0.10504367756219742	0.038702901
14748.CAGE45.MSPFB6.L11.2	0.052059271	0.040752528	-0.040907182
14748.CAGE73.MSPF3XTG.L5.2	0.088752951	0.028580769073382566	-0.062047142
14748.CAGE41.FSPF3XTG.L8.1	-0.053675854	-0.01082892	-0.084147736
14748.CAGE73.MSPF3XTG.L4.1	0.041995531430315286	0.051912767	-0.031890238
14748.CAGE73.MSPF3XTG.L4.2	0.06457888	0.038962667630409384	-0.019844006
14748.CAGE74.MSPFB6.L5.1	0.043328325713132845	0.068559263	-0.032344247
14748.CAGE41.FSPF3XTG.L8.2	-0.119501739	-0.005521968	-0.001258764
14748.CAGE1.FSPF3XTG.L11.2	0.041882478	-0.075888728	0.041583181426840456
14748.CAGE16.FSPFB6.L8.2	0.059359034964119935	0.022706554250637792	0.001237185
14748.CAGE20.FSPF3XTG.L2.2	-0.038053515	-0.090170125	0.059757190273657515
14748.CAGE42.MSPF3XTG.L1.2	-0.011710272	-0.046831823	-0.025936401
14748.CAGE16.FSPFB6.L9.2	0.042245187258199916	0.026533970215788863	-0.000541859
14748.CAGE16.FSPFB6.L7.2	0.04629561	0.0368373	0.026377583171853576
14748.CAGE12.FSPF3XTG.L7.2	-0.073642011	0.009455104	0.019127941116077758
14748.CAGE2.FSPF3XTG.L9.1	-0.011001101	-0.056747649	-0.03641338
14748.CAGE2.FSPF3XTG.L7.1	-0.061917907	-0.043973699	-0.015201096
14748.CAGE53.FSPFB6.L1.2	0.036585147389196125	0.11893874647324065	0.093526836
14748.CAGE1.FSPF3XTG.L11.1	0.009500753	-0.080489305	0.023298297036681993
14748.CAGE16.FSPFB6.L8.1	0.017263429	0.057547024	-0.00998749
14748.CAGE2.FSPF3XTG.L11.1	-0.00774733	-0.084227548	-0.036162498
14748.CAGE20.FSPF3XTG.L2.1	0.002621783	-0.048143594	0.020514096
14748.CAGE2.FSPF3XTG.L9.2	0.021421118	-0.057488766	0.024514818170626663
14748.CAGE42.MSPF3XTG.L1.1	-0.074619612	-0.004587257	-0.025071392
14748.CAGE2.FSPF3XTG.L10.2	0.026401456346443936	-0.034607988	-0.026033548
14748.CAGE3.FSPF3XTG.L9.2	0.019040191208734104	-0.079380071	0.044711886
14748.CAGE7.FSPFB6.L7.1	0.011951677160924351	0.088936814	0.027832863866583922
14748.CAGE3.FSPF3XTG.L11.2	0.040519707366251254	-0.083486059	0.006024055
14748.CAGE21.FSPF3XTG.L2.1	-0.104959367	0.013189603038624542	0.055910026
14748.CAGE3.FSPF3XTG.L11.1	0.065190538	-0.042139896	0.021241192
14748.CAGE20.FSPF3XTG.L1.1	-0.06383529	-0.014296487	-0.020264122
14748.CAGE2.FSPF3XTG.L10.1	0.049893219	-0.068931774	-0.008182964
14748.CAGE45.MSPFB6.L1.2	-0.077519186	0.069770604	0.080653214
14748.CAGE3.FSPF3XTG.L8.1	-0.027882801	-0.035608428	-0.055729499
14748.CAGE46.MSPFB6.L1.1	0.011372936994998119	0.037435806	0.024015781
14748.CAGE3.FSPF3XTG.L10.2	-0.007280278	-0.005501798	0.030157556
14748.CAGE6.FSPF3XTG.L10.2	0.043794040110021075	0.090850169	0.011226696312164858
14748.CAGE22.FSPF3XTG.L2.1	-0.064893429	-0.05197229	-0.027540851
14748.CAGE21.FSPF3XTG.L1.2	0.046105884137456546	-0.054404764	0.010097564755166065
14748.CAGE6.FSPF3XTG.L9.1	0.11495711706060092	0.040689644703890915	0.037524471
14748.CAGE7.FSPFB6.L9.1	0.085820498	0.060112107	0.032720101
14748.CAGE2.FSPF3XTG.L12.2	0.059929479	-0.049157099	0.018059026
14748.CAGE22.FSPF3XTG.L2.2	0.015121494263170086	-0.057736591	-0.008996768
14748.CAGE6.FSPF3XTG.L11.1	0.054088606	0.028820865754019865	-0.031643914
14748.CAGE6.FSPF3XTG.L12.2	0.017690066931563886	0.026419644	-0.052887265
14748.CAGE70.MSPF3XTG.L3.1	-0.040157173	0.035689495	-0.043962092
14748.CAGE40.FSPF3XTG.L1.1	0.052205564	-0.039980564	-0.007078912
14748.CAGE3.FSPF3XTG.L12.2	0.010222509241527344	-0.068823797	0.00235213
14748.CAGE50.FSPF3XTG.L1.1	-0.092057821	-0.051354722	0.12363943398690729
14748.CAGE6.FSPF3XTG.L13.1	0.023442764614326636	-0.026020612	-0.05607766
14748.CAGE22.FSPF3XTG.L1.1	0.10067094300853816	-0.036855535	0.050510961
14748.CAGE3.FSPF3XTG.L12.1	0.009757983	-0.058105817	-0.013987455
14748.CAGE7.FSPFB6.L10.1	0.10382191992976064	0.054540128	0.019287847513881344
14748.CAGE12.FSPF3XTG.L4.1	0.021247775	-0.098514956	0.003301805
14748.CAGE21.FSPF3XTG.L1.1	0.088230735	-0.039044019	-0.010777147
14748.CAGE2.FSPF3XTG.L12.1	0.042198857916659956	-0.015098483	-0.004005683
14748.CAGE7.FSPFB6.L12.1	-0.001564549	-0.005418909	-0.07084095
14748.CAGE3.FSPF3XTG.L10.1	0.09147157	-0.097353518	0.056687717528031825
14748.CAGE6.FSPF3XTG.L12.1	0.047600593	0.013434927974383528	-0.042590194
14748.CAGE1.FSPF3XTG.L13.1	-0.051984544	0.030339429581794544	0.011348948
14748.CAGE1.FSPF3XTG.L13.2	0.006993111	-0.035191062	-0.008793228
14748.CAGE2.FSPF3XTG.L11.2	-0.063056806	-0.034027169	-0.03977989
14748.CAGE3.FSPF3XTG.L7.1	0.033499194	-0.099587684	-0.000716423
14748.CAGE3.FSPF3XTG.L9.1	-0.018480229	-0.007261598	-0.04476455
14748.CAGE6.FSPF3XTG.L7.1	0.030518655	0.041051699192142826	-0.016540512
14748.CAGE16.FSPFB6.L4.1	0.079416891	0.02199431	-0.088467259
14748.CAGE12.FSPF3XTG.L6.1	-0.001649171	-0.024646917	-0.041422757
14748.CAGE12.FSPF3XTG.L6.2	0.002396995	-0.049135089	-0.038195571
14748.CAGE16.FSPFB6.L5.1	0.049160654	0.062139471870516896	-0.026674186
14748.CAGE7.FSPFB6.L11.2	-0.022992665	0.019960933680464425	-0.053314328
14748.CAGE6.FSPF3XTG.L11.2	0.068918438	0.033424302839002246	-0.01292105
14748.CAGE12.FSPF3XTG.L5.1	0.016971789	-0.018572607	-0.018522868
14748.CAGE7.FSPFB6.L10.2	0.11197036498494027	0.068968925	0.022181182504382765
14748.CAGE22.FSPF3XTG.L1.2	0.063559433	-0.045943708	0.025847061
14748.CAGE7.FSPFB6.L12.2	-0.005780115	-0.034740361	-0.072297677
14748.CAGE40.FSPF3XTG.L6.1	-0.139715631	-0.012610403	0.37981380376380663
14748.CAGE66.FSPFB6.L3.1	-0.125247776	0.00738494	0.22339697629713062
14748.CAGE45.MSPFB6.L5.2	0.058782298	0.026387597352910484	-0.095920636
14748.CAGE62.FSPF3XTG.L2.1	-0.076298991	0.007364019	-0.012631473
14748.CAGE42.MSPF3XTG.L6.1	-0.066016115	0.022949043845631067	-0.025322937
14748.CAGE68.MSPF3XTG.L3.1	-0.010828721	-0.018355639	-0.061971224
14748.MOUSE103.CAGE68.MSPF3XTG.S7	-0.06015988	-0.038646043	0.038057086
14748.CAGE47.MSPFB6.L11.2	0.004289423	0.078679476	-0.006676337
14748.CAGE22.FSPF3XTG.L3.2	0.052033354	-0.097044447	0.00333837
14748.CAGE20.FSPF3XTG.L4.2	0.068773851	-0.097990285	0.035307657
14748.CAGE42.MSPF3XTG.L3.2	0.052167525148925885	-0.101406332	-0.014764274
14748.CAGE54.FSPFB6.L3.2	0.003651904	0.037580224	0.051916944300497994
14748.MOUSE10.CAGE3.FSPF3XTG.S15	0.097052047	-0.098933024	0.04731857
14748.MOUSE17.CAGE1.FSPF3XTG.S15	0.051460165	-0.056218242	0.024246268584833523
14748.MOUSE13.CAGE6.FSPFB6.S15	-0.010305772	-0.031881691	-0.010555214
14748.MOUSE14.CAGE6.FSPFB6.S15	-0.008486962	-0.045929532	-0.071199895
14748.MOUSE9.CAGE3.FSPF3XTG.S15	0.029146164215724572	-0.063518649	-0.040803328
14748.MOUSE33.CAGE12.FSPF3XTG.S15	0.030240979939275672	-0.127331184	0.18640497140390586
14748.MOUSE50.CAGE50.FSPF3XTG.S7	0.039692716071961114	-0.068725576	0.10490718954606491
14748.CAGE47.MSPFB6.L11.1	0.011469705170023065	0.067017494	-0.026957877
14748.MOUSE56.CAGE53.FSPF3XTG.S7	-0.026304108	0.039094859518183755	0.031414253
14748.MOUSE53.CAGE50.FSPF3XTG.S7	0.093989579	-0.096625033	0.063115623
14748.CAGE42.MSPF3XTG.L6.2	-0.07921078	-0.011576369	-0.037197553
14748.CAGE45.MSPFB6.L7.1	-0.001659901	0.040286774	-0.059153261
14748.MOUSE58.CAGE53.FSPF3XTG.S7	-0.107468407	0.005494342	0.13320312329696327
14748.CAGE68.MSPF3XTG.L3.2	-0.0413981	-0.003497223	-0.094543712
14748.MOUSE51.CAGE50.FSPF3XTG.S7	0.11749500257164697	-0.039132976	0.051143931
14748.MOUSE59.CAGE54.FSPFB6.S7	0.037387147	0.086560716	0.054349676
14748.MOUSE60.CAGE54.FSPFB6.S7	0.038431761450353145	0.018709424	0.012334396488700114
14748.MOUSE89.CAGE22.FSPF3XTG.S12	0.004360972	-0.058920827	0.007208321
14748.MOUSE87.CAGE21.FSPF3XTG.S12	0.059817112	-0.096979296	0.030448333764097057
14748.MOUSE11.CAGE6.FSPFB6.S15	0.041858119	0.016257213939846707	-0.051362835
14748.CAGE66.FSPFB6.L7.2	0.025285257	0.087584732	-0.035888318
14748.CAGE66.FSPFB6.L7.1	0.045554029405127726	0.076752425	-0.037387822
14748.MOUSE18.CAGE1.FSPF3XTG.S15	-0.028929515	0.009664369	-0.061552095
14748.MOUSE54.CAGE50.FSPF3XTG.S7	0.016938911534663405	-0.099603082	0.018529697
14748.MOUSE116.CAGE62.FSPF3XTG.S7	0.15643990275976769	-0.070390709	0.10312640931551309
14748.MOUSE105.CAGE69.MSPF3XTG.S7	-0.014223943	-0.060633591	0.074856664
14748.MOUSE72.CAGE20.FSPF3XTG.S12	0.046735190925971275	-0.105656611	0.040945287
14748.MOUSE126.CAGE40.MSPF3XTG.S12	0.043577434565153075	-0.113480616	-0.016948567
14748.CAGE50.FSPF3XTG.L5.1	-0.093355047	-0.003470706	0.018131912
14748.CAGE21.FSPF3XTG.L8.1	0.040140056514537836	-0.070783241	0.003629567
14748.CAGE2.FSPF3XTG.L14.2	-0.098811647	-0.009976958	-0.025233013
14748.CAGE70.MSPF3XTG.L2.1	0.10806289621090358	-0.031450013	0.001356436
14748.CAGE50.FSPF3XTG.L5.2	-0.013971496	-0.025872275	-0.090641261
14748.MOUSE79.CAGE27.FSPFB6.S12	0.011545681	0.063942098	-0.010564052
14748.MOUSE77.CAGE27.FSPFB6.S12	0.012411911	0.030969471042882637	-0.036505998
14748.MOUSE61.CAGE54.FSPFB6.S7	3.645609320797918e-05	0.011461771	0.006508471
14748.MOUSE88.CAGE21.FSPF3XTG.S12	0.024557032697335866	-0.086995524	0.063320866
14748.MOUSE102.CAGE68.MSPF3XTG.S7	0.046468555	-0.1230822	0.10764280501287618
14748.MOUSE113.CAGE74.MSPFB6.S7	0.015703050997079724	-0.017983303	-0.014321096
14748.MOUSE110.CAGE74.MSPFB6.S7	0.034033966	0.009360043	-0.013480566
14748.MOUSE80.CAGE27.FSPFB6.S12	-0.026340578	0.003405204	0.027391893748695727
14748.MOUSE81.CAGE27.FSPFB6.S12	-0.088669971	0.020125513685427317	0.010379421799324943
14748.MOUSE115.CAGE62.FSPF3XTG.S7	0.12094877237072912	-0.084463669	0.068298152
14748.MOUSE132.CAGE42.MSPF3XTG.S12	-0.08439367	-0.06312175	0.092782879
14748.MOUSE111.CAGE74.MSPFB6.S7	-0.038285321	-0.017740716	0.016335986679660564
14748.MOUSE134.CAGE45.MSPFB6.S12	0.072747453	0.034006741	-0.010546058
14748.MOUSE144.CAGE66.FSPFB6.S12	0.080508358	0.03961948	0.045710303
14748.MOUSE145.CAGE66.FSPFB6.S12	-0.022189958	0.023161975200150252	0.007337988
14748.MOUSE84.CAGE20.FSPF3XTG.S12	-0.065163927	-0.009769527	0.006920124
14748.MOUSE138.CAGE46.MSPFB6.S12	-0.107482872	-0.004144856	0.041144089
14748.MOUSE36.CAGE16.FSPFB6.S15	0.055422774366611846	-0.034903753	0.080711401
14748.MOUSE16.CAGE7.FSPFB6.S15	0.10352608405858889	-0.014517978	-0.00110642
14748.MOUSE12.CAGE6.FSPFB6.S15	0.039447801633318735	0.005407533	-0.06724809
14748.MOUSE52.CAGE50.FSPF3XTG.S7	0.062415929	-0.10196554	0.078339537
14748.MOUSE108.CAGE73.MSPFB6.S7	0.023926064108327774	-0.03726638	0.033126568503757906
14748.MOUSE15.CAGE7.FSPFB6.S15	0.035082891223203655	-0.014842131	-0.082087895
14748.MOUSE128.CAGE41.MSPF3XTG.S12	-0.080388873	-0.071866233	0.10543697405985837
14748.MOUSE127.CAGE40.MSPF3XTG.S12	-0.070249298	-0.028768061	-0.021310209
14748.MOUSE107.CAGE70.MSPF3XTG.S7	0.046544582	-0.109702408	0.079766013
14748.MOUSE85.CAGE20.FSPF3XTG.S12	0.007102675	-0.090923732	0.026773625888907315
14748.MOUSE139.CAGE46.MSPFB6.S12	0.030829353736634965	0.065116866	-0.047164923
14748.MOUSE55.CAGE53.FSPF3XTG.S7	-0.094973912	-0.029987629	0.20405766912976536
14748.MOUSE141.CAGE47.MSPFB6.S12	0.020210569508807723	0.003698161	0.004501417
14748.MOUSE140.CAGE47.MSPFB6.S12	-0.022132078	0.004289064	-0.034450561
14748.MOUSE86.CAGE21.FSPF3XTG.S12	-0.059303769	-0.042420323	0.007792105
14748.MOUSE112.CAGE74.MSPFB6.S7	0.001301103	-0.019703159	0.003307279
14748.MOUSE114.CAGE74.MSPFB6.S7	0.025357872366156303	-0.019475448	-0.004645218
14748.MOUSE135.CAGE45.MSPFB6.S12	0.081311539	-0.010339137	0.002687079
14748.MOUSE133.CAGE42.MSPF3XTG.S12	0.017063517570977974	-0.09037519	-0.023868569
14748.MOUSE136.CAGE45.MSPFB6.S12	-0.058066551	0.007358927	-0.002992224
14748.MOUSE131.CAGE42.MSPF3XTG.S12	-0.024473774	-0.100114969	0.2800151417319217